  0.00000000E+00  0.00000000E+00  1.00000000E-01  2.00000000E-01  3.00000000E-01  4.00000000E-01  5.00000000E-01  6.00000000E-01  7.00000000E-01  8.00000000E-01  9.00000000E-01  1.00000000E+00
  1.00000000E+01  3.68360000E-02  3.39440000E-02  3.03720000E-02  2.77040000E-02  2.57610000E-02  2.42780000E-02  2.31000000E-02  2.23520000E-02  2.13270000E-02  2.06450000E-02  1.95590000E-02
  1.08812330E+01  3.77361163E-02  3.46141199E-02  3.08959739E-02  2.81480942E-02  2.61583738E-02  2.46446824E-02  2.34402346E-02  2.25782990E-02  2.16285707E-02  2.09277305E-02  1.98065300E-02
  1.18401232E+01  3.86382374E-02  3.52842337E-02  3.14183678E-02  2.85897559E-02  2.65542263E-02  2.50098579E-02  2.37778674E-02  2.28167286E-02  2.19270070E-02  2.12069444E-02  2.00499777E-02
  1.28835140E+01  3.95211194E-02  3.59404159E-02  3.19280596E-02  2.90190293E-02  2.69405800E-02  2.53661825E-02  2.41049718E-02  2.30774720E-02  2.22145969E-02  2.14749466E-02  2.02818476E-02
  1.40188518E+01  4.03715329E-02  3.65740731E-02  3.24183958E-02  2.94326997E-02  2.73127082E-02  2.57089836E-02  2.44177706E-02  2.33610491E-02  2.24861875E-02  2.17265748E-02  2.04971994E-02
  1.52542393E+01  4.11936412E-02  3.71878099E-02  3.28919102E-02  2.98409134E-02  2.76724804E-02  2.60390391E-02  2.47207436E-02  2.36493080E-02  2.27418357E-02  2.19618074E-02  2.06962217E-02
  1.65984933E+01  4.19939911E-02  3.77856153E-02  3.33522616E-02  3.02550583E-02  2.80225108E-02  2.63577211E-02  2.50191093E-02  2.39218903E-02  2.29821759E-02  2.21811812E-02  2.08796715E-02
  1.80612073E+01  4.27757783E-02  3.83683539E-02  3.38007954E-02  3.06717150E-02  2.83629484E-02  2.66645223E-02  2.53102360E-02  2.41707076E-02  2.32066276E-02  2.23838748E-02  2.10471390E-02
  1.96528205E+01  4.35389270E-02  3.89338989E-02  3.42366646E-02  3.10734304E-02  2.86916225E-02  2.69571711E-02  2.55841241E-02  2.43991862E-02  2.34134823E-02  2.25678111E-02  2.11971400E-02
  2.13846920E+01  4.42833380E-02  3.94803277E-02  3.46590186E-02  3.14441075E-02  2.90064294E-02  2.72335083E-02  2.58315895E-02  2.46108166E-02  2.36011188E-02  2.27311193E-02  2.13283268E-02
  2.32691817E+01  4.50088916E-02  4.00082265E-02  3.50675373E-02  3.17860405E-02  2.93067233E-02  2.74929469E-02  2.60533462E-02  2.48053558E-02  2.37688463E-02  2.28737415E-02  2.14405145E-02
  2.53197388E+01  4.57155136E-02  4.05193767E-02  3.54621557E-02  3.21098934E-02  2.95925186E-02  2.77356177E-02  2.62545674E-02  2.49809368E-02  2.39164092E-02  2.29964511E-02  2.15340560E-02
  2.75509978E+01  4.64031875E-02  4.10152880E-02  3.58429407E-02  3.24238870E-02  2.98635690E-02  2.79613653E-02  2.64389993E-02  2.51360926E-02  2.40436165E-02  2.30997956E-02  2.16093135E-02
  2.99788828E+01  4.70718711E-02  4.14962728E-02  3.62102799E-02  3.27274770E-02  3.01187274E-02  2.81690332E-02  2.66054331E-02  2.52706094E-02  2.41503531E-02  2.31834559E-02  2.16665427E-02
  3.26207209E+01  4.77215788E-02  4.19624566E-02  3.65646636E-02  3.30183671E-02  3.03566721E-02  2.83572882E-02  2.67517257E-02  2.53845558E-02  2.42365625E-02  2.32469899E-02  2.17060164E-02
  3.54953666E+01  4.83521652E-02  4.24141303E-02  3.69065175E-02  3.32931061E-02  3.05761236E-02  2.85251764E-02  2.68765993E-02  2.54778355E-02  2.43021739E-02  2.32901768E-02  2.17279124E-02
  3.86233355E+01  4.89632071E-02  4.28518031E-02  3.72361462E-02  3.35465959E-02  3.07758696E-02  2.86722925E-02  2.69800310E-02  2.55500891E-02  2.43470711E-02  2.33130921E-02  2.17322518E-02
  4.20269514E+01  4.95543013E-02  4.32759905E-02  3.75537949E-02  3.37740426E-02  3.09547191E-02  2.87982788E-02  2.70621230E-02  2.56009938E-02  2.43711910E-02  2.33158929E-02  2.17191014E-02
  4.57305052E+01  5.01250527E-02  4.36864360E-02  3.78586568E-02  3.39773752E-02  3.11115064E-02  2.89023586E-02  2.71227300E-02  2.56304075E-02  2.43746186E-02  2.32989096E-02  2.16888000E-02
  4.97604283E+01  5.06750852E-02  4.40823292E-02  3.81491690E-02  3.41633437E-02  3.12450968E-02  2.89834756E-02  2.71615486E-02  2.56383317E-02  2.43575569E-02  2.32626054E-02  2.16418842E-02
  5.41454816E+01  5.12041168E-02  4.44628733E-02  3.84236846E-02  3.43372798E-02  3.13545582E-02  2.90408067E-02  2.71783809E-02  2.56249077E-02  2.43203598E-02  2.32075317E-02  2.15789615E-02
  5.89169603E+01  5.17121696E-02  4.48273993E-02  3.86802922E-02  3.44958015E-02  3.14398584E-02  2.90745927E-02  2.71733823E-02  2.55907645E-02  2.42639356E-02  2.31344874E-02  2.15008397E-02
  6.41089174E+01  5.21994034E-02  4.51752868E-02  3.89169830E-02  3.46326349E-02  3.15012993E-02  2.90854590E-02  2.71468577E-02  2.55367185E-02  2.41893940E-02  2.30443725E-02  2.14084041E-02
  6.97584070E+01  5.26654113E-02  4.55056472E-02  3.91316830E-02  3.47433312E-02  3.15391211E-02  2.90739084E-02  2.70992018E-02  2.54636142E-02  2.40977913E-02  2.29381957E-02  2.13025819E-02
  7.59057482E+01  5.31083691E-02  4.58169469E-02  3.93221901E-02  3.48278003E-02  3.15533420E-02  2.90400832E-02  2.70309466E-02  2.53723014E-02  2.39900163E-02  2.28171714E-02  2.11843676E-02
  8.25948134E+01  5.35262518E-02  4.61075648E-02  3.94863261E-02  3.48866139E-02  3.15439980E-02  2.89841301E-02  2.69426793E-02  2.52636538E-02  2.38669495E-02  2.26825394E-02  2.10547560E-02
  8.98733412E+01  5.39174401E-02  4.63762135E-02  3.96228994E-02  3.49200626E-02  3.15112768E-02  2.89065653E-02  2.68349948E-02  2.51385203E-02  2.37294128E-02  2.25352621E-02  2.09143968E-02
  9.77932769E+01  5.42807864E-02  4.66219904E-02  3.97318314E-02  3.49281148E-02  3.14555266E-02  2.88082998E-02  2.67084897E-02  2.49977160E-02  2.35781591E-02  2.23759996E-02  2.07635668E-02
  1.06411143E+02  5.46150860E-02  4.68439525E-02  3.98131193E-02  3.49107827E-02  3.13771586E-02  2.86902977E-02  2.65638617E-02  2.48420793E-02  2.34139434E-02  2.22053936E-02  2.06026003E-02
  1.15788445E+02  5.49181632E-02  4.70404270E-02  3.98664522E-02  3.48682060E-02  3.12767054E-02  2.85535429E-02  2.64024674E-02  2.46725408E-02  2.32374778E-02  2.20239962E-02  2.04324102E-02
  1.25992105E+02  5.51873190E-02  4.72093536E-02  3.98913798E-02  3.48006175E-02  3.11547822E-02  2.83990384E-02  2.62260067E-02  2.44900801E-02  2.30494540E-02  2.18323151E-02  2.02542013E-02
  1.37094945E+02  5.54201142E-02  4.73489396E-02  3.98876080E-02  3.47083684E-02  3.10121010E-02  2.82277846E-02  2.60360310E-02  2.42956031E-02  2.28505138E-02  2.16308452E-02  2.00687951E-02
  1.49176205E+02  5.56151094E-02  4.74584023E-02  3.98552855E-02  3.45921130E-02  3.08496314E-02  2.80407172E-02  2.58335324E-02  2.40897288E-02  2.26410936E-02  2.14200132E-02  1.98756030E-02
  1.62322105E+02  5.57711620E-02  4.75372437E-02  3.97947158E-02  3.44526114E-02  3.06684224E-02  2.78387642E-02  2.56193703E-02  2.38730129E-02  2.24215901E-02  2.12002340E-02  1.96737452E-02
  1.76626465E+02  5.58871737E-02  4.75846287E-02  3.97063704E-02  3.42907127E-02  3.04696237E-02  2.76229264E-02  2.53945639E-02  2.36460428E-02  2.21925170E-02  2.09718168E-02  1.94628364E-02
  1.92191372E+02  5.59620742E-02  4.75990806E-02  3.95909684E-02  3.41073877E-02  3.02545413E-02  2.73943220E-02  2.51604061E-02  2.34094539E-02  2.19545799E-02  2.07348850E-02  1.92433001E-02
  2.09127911E+02  5.59948962E-02  4.75791807E-02  3.94492929E-02  3.39036484E-02  3.00244729E-02  2.71540431E-02  2.49181239E-02  2.31638629E-02  2.17084607E-02  2.04895553E-02  1.90156129E-02
  2.27556953E+02  5.59851745E-02  4.75247440E-02  3.92820724E-02  3.36806235E-02  2.97802957E-02  2.69026345E-02  2.46676955E-02  2.29094835E-02  2.14541794E-02  2.02358676E-02  1.87796933E-02
  2.47610023E+02  5.59328938E-02  4.74366594E-02  3.90899925E-02  3.34395374E-02  2.95225354E-02  2.66401886E-02  2.44080760E-02  2.26462017E-02  2.11912207E-02  1.99738048E-02  1.85350127E-02
  2.69430236E+02  5.58382267E-02  4.73158224E-02  3.88738476E-02  3.31816173E-02  2.92517669E-02  2.63668402E-02  2.41383550E-02  2.23739322E-02  2.09191948E-02  1.97033515E-02  1.82811564E-02
  2.93173318E+02  5.57019728E-02  4.71625682E-02  3.86349404E-02  3.29080532E-02  2.89688905E-02  2.60829732E-02  2.38583700E-02  2.20926795E-02  2.06383688E-02  1.94243566E-02  1.80182409E-02
  3.19008719E+02  5.55252376E-02  4.69770431E-02  3.83747861E-02  3.26200168E-02  2.86749304E-02  2.57890761E-02  2.35682730E-02  2.18025011E-02  2.03492745E-02  1.91366436E-02  1.77466066E-02
  3.47120821E+02  5.53091556E-02  4.67598305E-02  3.80947290E-02  3.23184846E-02  2.83706014E-02  2.54854943E-02  2.32681410E-02  2.15033395E-02  2.00521185E-02  1.88400550E-02  1.74663575E-02
  3.77710255E+02  5.50547858E-02  4.65126546E-02  3.77955987E-02  3.20038829E-02  2.80557523E-02  2.51721511E-02  2.29577870E-02  2.11947584E-02  1.97461746E-02  1.85344003E-02  1.71768922E-02
  4.10995330E+02  5.47632358E-02  4.62374622E-02  3.74781549E-02  3.16765553E-02  2.77301161E-02  2.48489258E-02  2.26370232E-02  2.08763127E-02  1.94306335E-02  1.82195305E-02  1.68775716E-02
  4.47213595E+02  5.44359632E-02  4.59359728E-02  3.71434999E-02  3.13369130E-02  2.73937012E-02  2.45157569E-02  2.23059319E-02  2.05477838E-02  1.91050298E-02  1.78952564E-02  1.65682182E-02
  4.86623535E+02  5.40748672E-02  4.56095845E-02  3.67931823E-02  3.09854496E-02  2.70468653E-02  2.41726483E-02  2.19649314E-02  2.02092275E-02  1.87693171E-02  1.75613227E-02  1.62492194E-02
  5.29506408E+02  5.36819286E-02  4.52597005E-02  3.64286888E-02  3.06226447E-02  2.66899498E-02  2.38196178E-02  2.16144252E-02  1.98607433E-02  1.84235356E-02  1.72175707E-02  1.59210198E-02
  5.76168261E+02  5.32594118E-02  4.48878904E-02  3.60505677E-02  3.02486169E-02  2.63226354E-02  2.34563928E-02  2.12541383E-02  1.95022218E-02  1.80677718E-02  1.68642137E-02  1.55838817E-02
  6.26942111E+02  5.28097586E-02  4.44958268E-02  3.56587706E-02  2.98632667E-02  2.59442084E-02  2.30825446E-02  2.08834031E-02  1.91334535E-02  1.77021667E-02  1.65017153E-02  1.52379792E-02
  6.82190321E+02  5.23354360E-02  4.40850978E-02  3.52533808E-02  2.94665606E-02  2.55541217E-02  2.26977123E-02  2.05017244E-02  1.87543685E-02  1.73269498E-02  1.61305768E-02  1.48836058E-02
  7.42307185E+02  5.18390669E-02  4.36568976E-02  3.48350364E-02  2.90586452E-02  2.51523521E-02  2.23015831E-02  2.01090826E-02  1.83652622E-02  1.69425255E-02  1.57512958E-02  1.45213824E-02
  8.07721746E+02  5.13232852E-02  4.32122988E-02  3.44045438E-02  2.86397427E-02  2.47390696E-02  2.18939216E-02  1.97056508E-02  1.79665764E-02  1.65493858E-02  1.53644012E-02  1.41520462E-02
  8.78900854E+02  5.07901781E-02  4.27522691E-02  3.39622554E-02  2.82097334E-02  2.43142903E-02  2.14746696E-02  1.92917342E-02  1.75587831E-02  1.61481378E-02  1.49705390E-02  1.37763887E-02
  9.56352500E+02  5.02406999E-02  4.22775484E-02  3.35075418E-02  2.77677259E-02  2.38776460E-02  2.10440453E-02  1.88678380E-02  1.71423603E-02  1.57395725E-02  1.45705477E-02  1.33952851E-02
  1.04062944E+03  4.96756724E-02  4.17888324E-02  3.30397288E-02  2.73128380E-02  2.34288176E-02  2.06023631E-02  1.84345335E-02  1.67178393E-02  1.53245228E-02  1.41653037E-02  1.30096313E-02
  1.13233314E+03  4.90962668E-02  4.12862844E-02  3.25585664E-02  2.68445455E-02  2.29678531E-02  2.01500028E-02  1.79923433E-02  1.62859291E-02  1.49038365E-02  1.37557669E-02  1.26204754E-02
  1.23211808E+03  4.85040067E-02  4.07695265E-02  3.20642314E-02  2.63626839E-02  2.24951626E-02  1.96874084E-02  1.75417436E-02  1.58475065E-02  1.44783727E-02  1.33429706E-02  1.22290017E-02
  1.34069640E+03  4.79002619E-02  4.02382401E-02  3.15568829E-02  2.58672126E-02  2.20112037E-02  1.92151152E-02  1.70833119E-02  1.54034875E-02  1.40490244E-02  1.29279411E-02  1.18363431E-02
  1.45884299E+03  4.72851646E-02  3.96923818E-02  3.10359972E-02  2.53583265E-02  2.15162406E-02  1.87339255E-02  1.66180421E-02  1.49549226E-02  1.36168922E-02  1.25117499E-02  1.14434772E-02
  1.58740105E+03  4.66582560E-02  3.91320717E-02  3.05007776E-02  2.48363775E-02  2.10104930E-02  1.82447855E-02  1.61471243E-02  1.45029174E-02  1.31831531E-02  1.20954662E-02  1.10512902E-02
  1.72728808E+03  4.60191813E-02  3.85573123E-02  2.99506374E-02  2.43017976E-02  2.04944058E-02  1.77486701E-02  1.56717517E-02  1.40485924E-02  1.27489429E-02  1.16801302E-02  1.06607024E-02
  1.87950241E+03  4.53678176E-02  3.79675389E-02  2.93854149E-02  2.37550982E-02  1.99689768E-02  1.72465861E-02  1.51931470E-02  1.35931629E-02  1.23153539E-02  1.12667917E-02  1.02728378E-02
  2.04513037E+03  4.47041303E-02  3.73621419E-02  2.88051315E-02  2.31968676E-02  1.94353445E-02  1.67395592E-02  1.47125151E-02  1.31378239E-02  1.18834287E-02  1.08564519E-02  9.88879044E-03
  2.22535401E+03  4.40276792E-02  3.67405981E-02  2.82099957E-02  2.26277409E-02  1.88946313E-02  1.62287362E-02  1.42310327E-02  1.26837006E-02  1.14542016E-02  1.04500448E-02  9.50947212E-03
  2.42145955E+03  4.33373245E-02  3.61024567E-02  2.76004504E-02  2.20483813E-02  1.83479202E-02  1.57154425E-02  1.37498475E-02  1.22318382E-02  1.10287196E-02  1.00484361E-02  9.13556854E-03
  2.63484657E+03  4.26319852E-02  3.54473778E-02  2.69770359E-02  2.14595471E-02  1.77963217E-02  1.52009867E-02  1.32700718E-02  1.17832347E-02  1.06079649E-02  9.65243249E-03  8.76770518E-03
  2.86703795E+03  4.19107266E-02  3.47749655E-02  2.63402356E-02  2.08624366E-02  1.72412210E-02  1.46866880E-02  1.27929032E-02  1.13390060E-02  1.01929055E-02  9.26292241E-03  8.40661694E-03
  3.11969080E+03  4.11727645E-02  3.40848185E-02  2.56905150E-02  2.02585744E-02  1.66841897E-02  1.41738535E-02  1.23195764E-02  1.09003230E-02  9.78447313E-03  8.88082256E-03  8.05308899E-03
  3.39460826E+03  4.04174246E-02  3.33767346E-02  2.50285269E-02  1.96494502E-02  1.61267187E-02  1.36637231E-02  1.18512261E-02  1.04682182E-02  9.38348510E-03  8.50690676E-03  7.70778314E-03
  3.69375235E+03  3.96439157E-02  3.26509269E-02  2.43555022E-02  1.90363511E-02  1.55700776E-02  1.31574577E-02  1.13888162E-02  1.00434156E-02  8.99054855E-03  8.14163266E-03  7.37111623E-03
  4.01925801E+03  3.88515245E-02  3.19078509E-02  2.36729067E-02  1.84204919E-02  1.50154291E-02  1.26561438E-02  1.09332025E-02  9.62649245E-03  8.60615633E-03  7.78531472E-03  7.04338329E-03
  4.37344830E+03  3.80398574E-02  3.11481228E-02  2.29822477E-02  1.78032598E-02  1.44640194E-02  1.21608676E-02  1.04852337E-02  9.21805867E-03  8.23080913E-03  7.43828101E-03  6.72486292E-03
  4.75885100E+03  3.72090505E-02  3.03725590E-02  2.22850978E-02  1.71864839E-02  1.39173746E-02  1.16728286E-02  1.00458534E-02  8.81889319E-03  7.86512114E-03  7.10096580E-03  6.41587388E-03
  5.17821667E+03  3.63594598E-02  2.95821112E-02  2.15830406E-02  1.65719701E-02  1.33769550E-02  1.11931387E-02  9.61592060E-03  8.42970351E-03  7.50963472E-03  6.77374779E-03  6.11667919E-03
  5.63453823E+03  3.54913954E-02  2.87778839E-02  2.08777171E-02  1.59612317E-02  1.28439108E-02  1.07226664E-02  9.19605481E-03  8.05096006E-03  7.16465885E-03  6.45685941E-03  5.82739949E-03
  6.13107235E+03  3.46050770E-02  2.79611375E-02  2.01708290E-02  1.53554608E-02  1.23190604E-02  1.02620258E-02  8.78662723E-03  7.68288907E-03  6.83026232E-03  6.15038624E-03  5.54801129E-03
  6.67136269E+03  3.37009706E-02  2.71332867E-02  1.94640545E-02  1.47558015E-02  1.18031729E-02  9.81176761E-03  8.38796437E-03  7.32567162E-03  6.50648535E-03  5.85436889E-03  5.27846382E-03
  7.25926520E+03  3.27803920E-02  2.62964602E-02  1.87591637E-02  1.41636227E-02  1.12972524E-02  9.37254299E-03  8.00056007E-03  6.97958924E-03  6.19349966E-03  5.56884717E-03  5.01874849E-03
  7.89897563E+03  3.18451967E-02  2.54531807E-02  1.80579386E-02  1.35803617E-02  1.08023752E-02  8.94501213E-03  7.62495357E-03  6.64494358E-03  5.89151785E-03  5.29384100E-03  4.76886228E-03
  8.59505945E+03  3.08972891E-02  2.46058002E-02  1.73620676E-02  1.30072649E-02  1.03194182E-02  8.52968838E-03  7.26151077E-03  6.32191331E-03  5.60063567E-03  5.02930051E-03  4.52874567E-03
  9.35248448E+03  2.99384964E-02  2.37560962E-02  1.66731466E-02  1.24452036E-02  9.84886053E-03  8.12681119E-03  6.91021385E-03  6.01041816E-03  5.32068857E-03  4.77502337E-03  4.29823101E-03
  1.01766563E+04  2.89706789E-02  2.29056960E-02  1.59926682E-02  1.18948935E-02  9.39103078E-03  7.73651088E-03  6.57093144E-03  5.71029722E-03  5.05143955E-03  4.53076524E-03  4.07711387E-03
  1.10734569E+04  2.79960695E-02  2.20565416E-02  1.53220811E-02  1.13571151E-02  8.94630120E-03  7.35893800E-03  6.24359260E-03  5.42141594E-03  4.79269672E-03  4.29633385E-03  3.86518389E-03
  1.20492865E+04  2.70175569E-02  2.12111692E-02  1.46628496E-02  1.08328373E-02  8.51517689E-03  6.99432356E-03  5.92824994E-03  5.14370139E-03  4.54435403E-03  4.07163483E-03  3.66222892E-03
  1.31111094E+04  2.60380109E-02  2.03720313E-02  1.40163052E-02  1.03229082E-02  8.09807267E-03  6.64282960E-03  5.62491659E-03  4.87705285E-03  4.30628442E-03  3.85655022E-03  3.46802814E-03
  1.42665036E+04  2.50599272E-02  1.95411581E-02  1.33835405E-02  9.82780222E-03  7.69512614E-03  6.30439207E-03  5.33346233E-03  4.62127183E-03  4.07826950E-03  3.65083579E-03  3.28233671E-03
  1.55237151E+04  2.40854547E-02  1.87201941E-02  1.27654300E-02  9.34767311E-03  7.30624031E-03  5.97875871E-03  5.05363791E-03  4.37607953E-03  3.86001654E-03  3.45414586E-03  3.10489070E-03
  1.68917161E+04  2.31167353E-02  1.79107202E-02  1.21627416E-02  8.88264117E-03  6.93129630E-03  5.66567683E-03  4.78518713E-03  4.14119750E-03  3.65123356E-03  3.26615032E-03  2.93542604E-03
  1.83802699E+04  2.21562868E-02  1.71145532E-02  1.15761725E-02  8.43294438E-03  6.57022926E-03  5.36497003E-03  4.52787961E-03  3.91637843E-03  3.45164052E-03  3.08657446E-03  2.77367053E-03
  2.00000000E+04  2.12066915E-02  1.63335063E-02  1.10063292E-02  7.99882339E-03  6.22297359E-03  5.07647929E-03  4.28148807E-03  3.70138308E-03  3.26096286E-03  2.91516689E-03  2.61935226E-03
